{
  "version": "eb29870568bd",
  "modelId": "nemotron-embed",
  "anchorCount": 27,
  "fingerprint": [
    [
      0,
      0.687387,
      0.693172,
      0.728663,
      0.808432,
      0.837969,
      0.853752,
      0.753272,
      0.83539,
      0.827971,
      0.862731,
      0.847619,
      0.870151,
      0.739913,
      0.894885,
      0.808859,
      0.799748,
      0.808758,
      0.750988,
      0.875788,
      0.838661,
      0.861665,
      0.858891,
      0.801928,
      0.717803,
      0.838449,
      0.840335
    ],
    [
      0.687387,
      0,
      0.721531,
      0.703192,
      0.688758,
      0.868657,
      0.865026,
      0.810407,
      0.779269,
      0.808609,
      0.828099,
      0.888836,
      0.850378,
      0.854336,
      0.885812,
      0.725949,
      0.709801,
      0.884318,
      0.748988,
      0.832061,
      0.791993,
      0.802009,
      0.873753,
      0.761882,
      0.720901,
      0.807428,
      0.722152
    ],
    [
      0.693172,
      0.721531,
      0,
      0.761019,
      0.662647,
      0.846294,
      0.818629,
      0.682903,
      0.873455,
      0.854645,
      0.789664,
      0.862941,
      0.847928,
      0.791328,
      0.860555,
      0.787966,
      0.817353,
      0.830613,
      0.846077,
      0.825429,
      0.808964,
      0.817129,
      0.840555,
      0.787003,
      0.823866,
      0.838965,
      0.839318
    ],
    [
      0.728663,
      0.703192,
      0.761019,
      0,
      0.820375,
      0.904945,
      0.906291,
      0.765891,
      0.718533,
      0.784377,
      0.760684,
      0.905569,
      0.816303,
      0.824198,
      0.885997,
      0.773989,
      0.731068,
      0.855366,
      0.801076,
      0.891021,
      0.799168,
      0.801463,
      0.818474,
      0.733723,
      0.690294,
      0.752233,
      0.698469
    ],
    [
      0.808432,
      0.688758,
      0.662647,
      0.820375,
      0,
      0.833017,
      0.847214,
      0.758417,
      0.827448,
      0.874113,
      0.841564,
      0.836433,
      0.896695,
      0.727707,
      0.785721,
      0.648614,
      0.855451,
      0.831711,
      0.866733,
      0.546748,
      0.770896,
      0.789045,
      0.874616,
      0.736614,
      0.84148,
      0.845496,
      0.790145
    ],
    [
      0.837969,
      0.868657,
      0.846294,
      0.904945,
      0.833017,
      0,
      0.837548,
      0.841742,
      0.825031,
      0.902019,
      0.957585,
      0.798225,
      0.938148,
      0.854976,
      0.725476,
      0.882652,
      0.896916,
      0.801567,
      0.840366,
      0.826066,
      0.922333,
      0.85481,
      0.875654,
      0.871664,
      0.895246,
      0.892598,
      0.957116
    ],
    [
      0.853752,
      0.865026,
      0.818629,
      0.906291,
      0.847214,
      0.837548,
      0,
      0.633471,
      0.847944,
      0.807258,
      0.848022,
      0.669795,
      0.62885,
      0.858364,
      0.906553,
      0.874769,
      0.90365,
      0.824032,
      0.785618,
      0.761177,
      0.772517,
      0.863517,
      0.714654,
      0.820449,
      0.868395,
      0.866056,
      0.887402
    ],
    [
      0.753272,
      0.810407,
      0.682903,
      0.765891,
      0.758417,
      0.841742,
      0.633471,
      0,
      0.701021,
      0.751388,
      0.807771,
      0.8034,
      0.752113,
      0.740709,
      0.905546,
      0.828936,
      0.839002,
      0.797236,
      0.786704,
      0.758646,
      0.708059,
      0.853078,
      0.82261,
      0.829648,
      0.816529,
      0.863874,
      0.825387
    ],
    [
      0.83539,
      0.779269,
      0.873455,
      0.718533,
      0.827448,
      0.825031,
      0.847944,
      0.701021,
      0,
      0.840832,
      0.757151,
      0.821704,
      0.790588,
      0.775599,
      0.90693,
      0.815999,
      0.799444,
      0.829474,
      0.895054,
      0.819929,
      0.614809,
      0.823821,
      0.886787,
      0.806352,
      0.794036,
      0.879805,
      0.796985
    ],
    [
      0.827971,
      0.808609,
      0.854645,
      0.784377,
      0.874113,
      0.902019,
      0.807258,
      0.751388,
      0.840832,
      0,
      0.866407,
      0.848005,
      0.850872,
      0.895566,
      0.889281,
      0.825924,
      0.845986,
      0.86075,
      0.824286,
      0.870241,
      0.852276,
      0.797231,
      0.817746,
      0.848284,
      0.891865,
      0.890741,
      0.876525
    ],
    [
      0.862731,
      0.828099,
      0.789664,
      0.760684,
      0.841564,
      0.957585,
      0.848022,
      0.807771,
      0.757151,
      0.866407,
      0,
      0.891346,
      0.743298,
      0.835095,
      0.91098,
      0.907169,
      0.780329,
      0.934662,
      0.81309,
      0.870665,
      0.701166,
      0.831914,
      0.868796,
      0.85066,
      0.873784,
      0.874312,
      0.756721
    ],
    [
      0.847619,
      0.888836,
      0.862941,
      0.905569,
      0.836433,
      0.798225,
      0.669795,
      0.8034,
      0.821704,
      0.848005,
      0.891346,
      0,
      0.715945,
      0.660004,
      0.852839,
      0.886814,
      0.931798,
      0.780856,
      0.799941,
      0.807102,
      0.833458,
      0.775813,
      0.580744,
      0.870709,
      0.864103,
      0.851669,
      0.899943
    ],
    [
      0.870151,
      0.850378,
      0.847928,
      0.816303,
      0.896695,
      0.938148,
      0.62885,
      0.752113,
      0.790588,
      0.850872,
      0.743298,
      0.715945,
      0,
      0.847658,
      0.936376,
      0.899223,
      0.800296,
      0.8875,
      0.834213,
      0.85581,
      0.64516,
      0.832889,
      0.707317,
      0.775389,
      0.805688,
      0.821942,
      0.784679
    ],
    [
      0.739913,
      0.854336,
      0.791328,
      0.824198,
      0.727707,
      0.854976,
      0.858364,
      0.740709,
      0.775599,
      0.895566,
      0.835095,
      0.660004,
      0.847658,
      0,
      0.794494,
      0.823841,
      0.837848,
      0.787371,
      0.864832,
      0.794025,
      0.860988,
      0.855508,
      0.85347,
      0.865025,
      0.821744,
      0.89333,
      0.814401
    ],
    [
      0.894885,
      0.885812,
      0.860555,
      0.885997,
      0.785721,
      0.725476,
      0.906553,
      0.905546,
      0.90693,
      0.889281,
      0.91098,
      0.852839,
      0.936376,
      0.794494,
      0,
      0.789085,
      0.81548,
      0.732667,
      0.831357,
      0.861154,
      0.880405,
      0.82258,
      0.848829,
      0.785786,
      0.879534,
      0.833294,
      0.891325
    ],
    [
      0.808859,
      0.725949,
      0.787966,
      0.773989,
      0.648614,
      0.882652,
      0.874769,
      0.828936,
      0.815999,
      0.825924,
      0.907169,
      0.886814,
      0.899223,
      0.823841,
      0.789085,
      0,
      0.792487,
      0.776152,
      0.776071,
      0.791268,
      0.850279,
      0.862092,
      0.885278,
      0.55678,
      0.760162,
      0.702912,
      0.775311
    ],
    [
      0.799748,
      0.709801,
      0.817353,
      0.731068,
      0.855451,
      0.896916,
      0.90365,
      0.839002,
      0.799444,
      0.845986,
      0.780329,
      0.931798,
      0.800296,
      0.837848,
      0.81548,
      0.792487,
      0,
      0.820763,
      0.839273,
      0.874792,
      0.807645,
      0.863334,
      0.870181,
      0.766776,
      0.728075,
      0.797179,
      0.784914
    ],
    [
      0.808758,
      0.884318,
      0.830613,
      0.855366,
      0.831711,
      0.801567,
      0.824032,
      0.797236,
      0.829474,
      0.86075,
      0.934662,
      0.780856,
      0.8875,
      0.787371,
      0.732667,
      0.776152,
      0.820763,
      0,
      0.814201,
      0.923771,
      0.893436,
      0.887617,
      0.85934,
      0.812387,
      0.815612,
      0.863327,
      0.855773
    ],
    [
      0.750988,
      0.748988,
      0.846077,
      0.801076,
      0.866733,
      0.840366,
      0.785618,
      0.786704,
      0.895054,
      0.824286,
      0.81309,
      0.799941,
      0.834213,
      0.864832,
      0.831357,
      0.776071,
      0.839273,
      0.814201,
      0,
      0.842778,
      0.848134,
      0.880771,
      0.870968,
      0.83285,
      0.851573,
      0.845881,
      0.828904
    ],
    [
      0.875788,
      0.832061,
      0.825429,
      0.891021,
      0.546748,
      0.826066,
      0.761177,
      0.758646,
      0.819929,
      0.870241,
      0.870665,
      0.807102,
      0.85581,
      0.794025,
      0.861154,
      0.791268,
      0.874792,
      0.923771,
      0.842778,
      0,
      0.838679,
      0.713347,
      0.771686,
      0.81358,
      0.901081,
      0.853999,
      0.860671
    ],
    [
      0.838661,
      0.791993,
      0.808964,
      0.799168,
      0.770896,
      0.922333,
      0.772517,
      0.708059,
      0.614809,
      0.852276,
      0.701166,
      0.833458,
      0.64516,
      0.860988,
      0.880405,
      0.850279,
      0.807645,
      0.893436,
      0.848134,
      0.838679,
      0,
      0.814979,
      0.852031,
      0.811341,
      0.84013,
      0.82889,
      0.845376
    ],
    [
      0.861665,
      0.802009,
      0.817129,
      0.801463,
      0.789045,
      0.85481,
      0.863517,
      0.853078,
      0.823821,
      0.797231,
      0.831914,
      0.775813,
      0.832889,
      0.855508,
      0.82258,
      0.862092,
      0.863334,
      0.887617,
      0.880771,
      0.713347,
      0.814979,
      0,
      0.661896,
      0.846547,
      0.897074,
      0.890234,
      0.821855
    ],
    [
      0.858891,
      0.873753,
      0.840555,
      0.818474,
      0.874616,
      0.875654,
      0.714654,
      0.82261,
      0.886787,
      0.817746,
      0.868796,
      0.580744,
      0.707317,
      0.85347,
      0.848829,
      0.885278,
      0.870181,
      0.85934,
      0.870968,
      0.771686,
      0.852031,
      0.661896,
      0,
      0.8369,
      0.862416,
      0.863235,
      0.868345
    ],
    [
      0.801928,
      0.761882,
      0.787003,
      0.733723,
      0.736614,
      0.871664,
      0.820449,
      0.829648,
      0.806352,
      0.848284,
      0.85066,
      0.870709,
      0.775389,
      0.865025,
      0.785786,
      0.55678,
      0.766776,
      0.812387,
      0.83285,
      0.81358,
      0.811341,
      0.846547,
      0.8369,
      0,
      0.644652,
      0.575621,
      0.697915
    ],
    [
      0.717803,
      0.720901,
      0.823866,
      0.690294,
      0.84148,
      0.895246,
      0.868395,
      0.816529,
      0.794036,
      0.891865,
      0.873784,
      0.864103,
      0.805688,
      0.821744,
      0.879534,
      0.760162,
      0.728075,
      0.815612,
      0.851573,
      0.901081,
      0.84013,
      0.897074,
      0.862416,
      0.644652,
      0,
      0.712166,
      0.669392
    ],
    [
      0.838449,
      0.807428,
      0.838965,
      0.752233,
      0.845496,
      0.892598,
      0.866056,
      0.863874,
      0.879805,
      0.890741,
      0.874312,
      0.851669,
      0.821942,
      0.89333,
      0.833294,
      0.702912,
      0.797179,
      0.863327,
      0.845881,
      0.853999,
      0.82889,
      0.890234,
      0.863235,
      0.575621,
      0.712166,
      0,
      0.822506
    ],
    [
      0.840335,
      0.722152,
      0.839318,
      0.698469,
      0.790145,
      0.957116,
      0.887402,
      0.825387,
      0.796985,
      0.876525,
      0.756721,
      0.899943,
      0.784679,
      0.814401,
      0.891325,
      0.775311,
      0.784914,
      0.855773,
      0.828904,
      0.860671,
      0.845376,
      0.821855,
      0.868345,
      0.697915,
      0.669392,
      0.822506,
      0
    ]
  ],
  "computedAt": "2026-04-09T17:36:05.814Z",
  "meanDistance": 0.816954,
  "stdDistance": 0.067822,
  "dimensions": 2048,
  "anchorSetVersion": "esp-anchor-v1",
  "compact": "esp-anchor-v1:eb29870568bd:2048:0.05"
}